1.44524 0.4121515 0.4725965 1.284359 0.5919611
1.065768 1.777065 1.60238 1.898514 0.8447635
1.085802 2.348583 0.1438015 1.014365 0.8789058
0.2249654 1.428861 0.6482731 1.141513 0.4523089
1.754488 1.967595 0.5636594 1.923851 0.5558407
0.583971 0.4722174 0.5204932 1.03068 1.789606
0.9041284 5.468457 0.217821 0.9864583 0.5668908
1.666435 0.3881464 1.162952 0.7814219 1.007858
1.605463 1.485955 1.500384 1.587345 1.058219
0.8016055 1.481933 1.450592 1.079587 1.863842
1.913058 0.6811733 3.02328 2.277536 0.5416752
1.096705 0.5685936 0.4247108 2.572371 0.7984161
1.544925 0.6189096 0.6822947 1.533137 2.024484
1.746229 0.59552 0.6442786 2.533184 0.1662322
0.9314061 0.2671308 0.6151431 1.348047 1.696557
1.662001 1.275702 1.060225 1.551233 0.3258274
0.3951075 1.528261 1.09441 0.5152664 1.822766
0.3779183 1.103966 0.7786305 1.932216 0.9025031
0.3874085 0.3713095 1.408587 1.59207 0.595954
1.185625 0.8223225 0.8485668 1.363218 0.1683374
0.5134471 0.979452 2.144922 1.634469 0.749237
1.078752 2.83892 1.281259 1.220752 0.5481183
