-5.139846 -7.11312 -1.698598 -3.867905 -7.49026
-5.476715 -8.292129 -5.077379 -4.543154 -4.619728
-2.5099 -7.895669 -8.968505 -4.071257 -4.445051
-7.113808 -4.850365 -6.264191 -3.70126 -6.702722
-3.906855 -3.946021 -3.128906 -6.706162 -3.275863
-3.464473 0.05594781 -4.3914 -2.547228 -4.943557
-5.015627 -1.548256 -7.867843 -6.689939 -4.584631
-6.333847 -7.967207 6.56897 1.117461 1.73504
3.893713 3.004433 0.1813613 3.691902 4.141594
3.088289 4.204719 3.16241 1.080718 1.29735
1.26371 2.512657 5.261039 1.712724 0.7239459
2.854583 0.7788315 7.697179 6.575804 5.730205
5.556368 3.588892 4.162727 7.724602 5.653418
2.288675 1.240766 1.397527 3.187603 8.639878
1.542473 3.806845 0.540792 2.942971 2.800031
3.003572 2.877039 4.209879 4.796351 0.1456035
2.334604 3.501472 4.954568 1.953429 3.995443
4.754793 4.734246 4.2809 4.85012 2.607658
7.31927 -0.7542839 1.90367 9.859459 9.564842
7.611419 -0.754176 -0.0197943 3.440449 3.570466
